# Copper, room temperature. M. A. Ordal et al., Appl. Opt. 24, 4493 (1985).
# Source: refractiveindex.info database (https://refractiveindex.info/?shelf=main&book=Cu&page=Ordal)
# Columns: wavelength_um  n  k
0.517 1.16 2.64
0.67 0.399 3.97
1 0.538 6.53
1.11 0.57 7.32
1.25 0.62 8.31
1.43 0.699 9.53
1.67 0.816 11.2
2 0.879 13.4
2.11 0.942 14.2
2.22 1 14.9
2.35 1.09 15.8
2.5 1.18 16.8
2.67 1.31 17.9
2.86 1.46 19.1
3.08 1.62 20.6
3.33 1.77 22.3
3.64 1.98 24.2
4 2.25 26.5
4.44 2.58 28.8
5 3.26 33
5.26 3.45 34.5
5.56 3.65 36.3
5.88 3.84 38.3
6.25 4.16 40.7
6.67 4.57 43.3
7.14 5.1 46.2
7.69 5.74 49.5
8.33 6.43 53.2
9.09 7.21 57.7
10 8.31 63
10.5 9 65.9
11.1 9.77 69.1
11.8 10.5 72.6
12.5 11.4 76.5
13.3 12.2 80.8
14.3 13.2 85.6
15.4 13.8 91.1
16.7 14.7 97.7
18.2 15.4 105
20 16.2 115
20.8 16.8 120
21.7 17 124
22.7 17.7 130
23.8 18.4 136
25 19.1 142
26.3 19.5 150
27.8 21 158
29.4 22.1 167
31.3 23.4 178
33.3 25.7 190
35.7 28.5 203
38.5 31.9 219
41.7 36.2 238
45.5 40.9 258
50 50 284
55.6 61.2 313
